
$orca_hessian_file

$act_atom
  0

$act_coord
  0

$act_energy
        0.000000

$multiplicity
  1

$hessian
42
                    0                  1                  2                  3                  4        
    0      6.7347209109E-01  -2.6970537098E-02  -1.7109528143E-02  -1.1355549045E-01   1.7831915197E-02
    1     -2.6970537098E-02   6.4852497687E-01  -8.6554127266E-05  -3.4689230122E-02  -3.2849172881E-01
    2     -1.7109528143E-02  -8.6554127266E-05   1.1440150693E-01   2.3292671283E-03  -5.2225280993E-05
    3     -1.1355549045E-01  -3.4689230122E-02   2.3292671283E-03   6.5378077245E-01   3.1909910159E-02
    4      1.7831915197E-02  -3.2849172881E-01  -5.2225280993E-05   3.1909910159E-02   6.6489559884E-01
    5      1.6110550920E-03   5.4407622760E-04  -4.5918349183E-02  -1.5675066556E-02  -2.3812508087E-04
    6     -2.9880680714E-03   4.2473160775E-03   2.7087426728E-04   4.3562706571E-04   7.8588945244E-04
    7      3.1001963444E-03  -1.0015645587E-03  -1.0047538378E-04   6.4718139375E-04  -7.8809359032E-04
    8      2.5489621714E-04  -1.3667830624E-04   6.7012372075E-03   1.4229264071E-05  -2.8645001321E-05
    9      2.7888048261E-03  -2.7482226791E-02  -3.2030215487E-05  -4.2985777597E-03  -1.5941285307E-03
   10      2.2461283814E-03  -1.0748779779E-02  -5.0007862395E-05  -2.8665966357E-03   1.0222658875E-03
   11     -1.2042099255E-04   8.3199302090E-04  -1.2421666241E-03   3.5557992102E-04   9.2999243961E-05
   12     -2.6883983945E-01  -5.7427606178E-02   6.6172395622E-03   2.0899125307E-02  -6.5893686157E-02
   13     -1.1184001111E-01  -1.5910572048E-01   3.6711122995E-03  -2.7888342734E-02  -2.6435545532E-02
   14      6.9027075064E-03   1.8839369939E-03  -4.9132920202E-02  -5.0748094308E-04   2.0925801015E-03
   15      3.4907801795E-02   6.6352016538E-02  -1.4687279301E-03  -2.4670197416E-01   4.3242003835E-02
   16      2.7144758208E-02  -3.0975510530E-02  -1.7030167371E-04   1.0210079260E-01  -1.5561088026E-01
   17     -2.9848404392E-04  -2.2512576612E-03   1.2044986334E-03   3.3534046056E-03  -1.1798558332E-03
   18     -1.5846218505E-04   3.1827206322E-05   2.5560058108E-04   1.4922056770E-03  -9.3190825049E-04
   19      1.8743322075E-03  -1.0840110131E-04  -6.1303773435E-04  -3.3595220554E-03  -5.3603953103E-03
   20      1.0038166813E-04  -1.5309899908E-03   1.5524572598E-03  -1.1134981234E-03   3.9047665093E-04
   21     -6.5279393858E-04  -8.0970835002E-04  -9.6215385962E-04   1.7187228912E-03   3.4698957647E-03
   22     -1.4535188130E-05  -5.9044794117E-04  -6.5860059709E-04  -1.8674129624E-03   2.4861501596E-03
   23      2.0657478987E-04   2.0699641465E-04  -4.1040775213E-04  -7.5850377849E-04   5.8908383355E-04
   24     -5.6964893839E-02  -1.6182680929E-02   1.9814134219E-03  -1.2049156589E-02   2.3914884190E-02
   25      2.4080151242E-02   5.1199538001E-02  -8.4409185180E-04   1.8313955535E-02  -4.0365704812E-02
   26      1.6587215463E-03   3.4620860710E-04   5.0261165798E-03   1.1408582531E-04  -5.9599942061E-04
   27     -8.2906549334E-03  -4.3132444965E-03   1.2635385957E-03   3.4545328741E-03   4.0810782956E-02
   28      6.8253827743E-04   5.4452953844E-03   6.3736343637E-04   1.0614402149E-02  -3.8424613079E-02
   29     -5.7651913275E-04   2.2194129386E-03   4.5274365310E-03   4.0925801671E-03  -3.1361112324E-03
   30      1.2362867786E-03   9.8243971476E-04  -1.3724161573E-05  -2.5980347710E-01  -1.0517455584E-01
   31     -2.8603010247E-02  -9.9697101439E-03   7.9705502672E-04  -1.0540663640E-01  -1.0825350682E-01
   32      1.5485507737E-04   2.9854986402E-05  -1.5332798813E-04   5.9362923143E-03   2.7253927915E-03
   33     -1.5213879493E-02  -2.0100799060E-02   3.6371014647E-04  -4.5310110876E-02   1.8156895287E-02
   34     -2.5730379122E-02  -3.7139570685E-02   8.5098533046E-04  -1.1360769863E-02   4.7791856348E-02
   35      5.5538794229E-04   1.2309161293E-03  -5.6558881982E-03   1.7875548848E-03  -8.4122271778E-04
   36     -2.4577097315E-01   1.1743952803E-01   6.4916619353E-03   3.0738246180E-03  -2.3787821027E-03
   37      1.1693408745E-01  -1.2630827621E-01  -3.4175583147E-03   2.6762210396E-02  -1.1933345584E-02
   38      6.5865522487E-03  -3.4054070649E-03  -3.0813027721E-02  -1.5598409321E-04   1.2693401982E-04
   39      3.0071017763E-05  -1.0780630460E-03   1.2349963067E-05  -3.1360239457E-03  -4.1581465385E-03
   40     -7.3466604733E-04  -7.3010001550E-04   4.2311336349E-05  -2.9009108846E-03  -5.3205743604E-04
   41      7.4328932353E-05   1.1151722876E-04  -8.7165476931E-05   2.3472098998E-04   5.6916161235E-05
                    5                  6                  7                  8                  9        
    0      1.6110550920E-03  -2.9880680714E-03   3.1001963444E-03   2.5489621714E-04   2.7888048261E-03
    1      5.4407622760E-04   4.2473160775E-03  -1.0015645587E-03  -1.3667830624E-04  -2.7482226791E-02
    2     -4.5918349183E-02   2.7087426728E-04  -1.0047538378E-04   6.7012372075E-03  -3.2030215487E-05
    3     -1.5675066556E-02   4.3562706571E-04   6.4718139375E-04   1.4229264071E-05  -4.2985777597E-03
    4     -2.3812508087E-04   7.8588945244E-04  -7.8809359032E-04  -2.8645001321E-05  -1.5941285307E-03
    5      1.0682919529E-01  -3.6558730908E-05   1.1439954686E-05  -5.3064390487E-04   3.0834650629E-04
    6     -3.6558730908E-05   2.7872919713E-01   1.1599067125E-01  -7.3549144875E-03   9.8223840091E-04
    7      1.1439954686E-05   1.1599067125E-01   1.1469412111E-01  -3.4121318514E-03  -4.8535508308E-04
    8     -5.3064390487E-04  -7.3549144875E-03  -3.4121318514E-03   2.2842408298E-02  -1.0523675479E-04
    9      3.0834650629E-04   9.8223840091E-04  -4.8535508308E-04  -1.0523675479E-04   5.4152786087E-02
   10      9.3694122935E-05   2.7837404112E-04   8.2665503210E-04  -1.4264710738E-05   1.0452813965E-02
   11      6.5992665366E-03  -9.7002915976E-05   1.2204541983E-05  -3.0818706031E-03  -1.0049323055E-03
   12      5.5076076692E-04  -1.7958734531E-02   1.4815235881E-02   5.8475246770E-04  -5.4047349779E-02
   13      1.0022390648E-03  -1.4501888870E-02   1.0702593307E-02   3.4344329425E-04  -9.7080770231E-03
   14      5.6289529760E-03   5.2652826959E-04  -4.3000379356E-04   9.8632779052E-04   8.7581073166E-04
   15      5.2265972077E-03   2.0199234824E-03   1.3064908368E-03   1.5403698580E-04  -1.4856497523E-03
   16     -1.9649540498E-03   5.9824764587E-04  -5.1048953142E-03   1.2765760589E-04   7.1967535924E-05
   17     -6.1904475112E-02   1.9572330040E-04  -1.4763133208E-04   7.4760121998E-03   2.1781570762E-05
   18     -5.9298879882E-04  -1.9683447526E-05  -5.0549094562E-05  -5.4001810165E-05  -2.5405855229E-05
   19      7.4254475292E-04   2.5576582313E-05   9.0634215248E-05   1.2266010608E-05  -1.1184685581E-04
   20      2.0929707158E-03   2.7131488941E-05   1.9068518781E-05  -5.2330572112E-07   2.6238466839E-05
   21     -5.9688236295E-04   4.4261787804E-05  -6.7660217511E-05   5.8954502771E-06  -9.2303641332E-06
   22     -8.2128821537E-04   2.8774346528E-05  -5.1932534668E-04  -2.4203661908E-05   1.2133895532E-04
   23     -1.5442415831E-04  -8.4938233664E-07  -1.0779587807E-04  -1.4735881403E-04  -3.3442686545E-05
   24     -3.2738053358E-05  -2.6211490585E-01  -1.0704544288E-01   6.5693190868E-03   4.5388159157E-03
   25      1.2079700187E-04  -1.0752776302E-01  -1.0996247758E-01   3.2331897599E-03   2.6374154749E-02
   26     -5.6279772641E-03   6.6526438282E-03   3.1753798228E-03  -3.0823835925E-02  -2.5474428921E-04
   27      1.4440612530E-03  -1.4491627304E-04  -1.5633823475E-03  -1.0113496016E-05   4.2558868459E-04
   28     -1.8766989453E-03  -1.7326048107E-04  -3.2813263742E-04  -1.5483116114E-04  -1.9491282955E-05
   29      6.3879795610E-03  -5.7816212486E-05   2.7360483395E-04   2.1629404606E-04  -2.8179460978E-05
   30      6.2964362318E-03  -3.9815616088E-05  -9.6609603221E-05  -3.5274510500E-05  -7.8058534853E-05
   31      3.1206087703E-03  -1.1466844877E-04   7.5380662451E-05   4.2424529174E-06  -1.4496279334E-03
   32     -2.7862442606E-02  -2.9387875808E-05   6.8328977541E-08  -1.1424631858E-03   4.6556449806E-05
   33      1.4022656264E-03   1.2313730390E-03  -2.7713871254E-02   8.0018798366E-05  -3.9465292639E-03
   34      4.1203080299E-05   1.4129887146E-03  -1.0075445173E-02   8.2594727444E-06   1.9581706787E-03
   35      9.3140697893E-03  -1.1466052117E-05   7.5979462180E-04   7.5577115260E-04   3.2372354317E-04
   36     -7.3716103800E-05  -1.1129461381E-03   8.6991479300E-04   3.7477293688E-05   9.8944109553E-04
   37     -8.4232163518E-04  -7.6188343204E-04   3.7541806012E-04   1.8427932967E-05   4.7536569764E-04
   38      7.6401366529E-04   4.0673008841E-05  -2.9383983317E-05   2.1468890062E-04  -1.3449961996E-04
   39      1.6124631494E-04   9.3644902002E-04   2.9705741410E-04  -1.4057922478E-04   1.3126299267E-05
   40      6.4586715897E-05  -2.9225128052E-04   1.0151318150E-03   2.3957101033E-05   1.4013299313E-03
   41      4.3818636931E-03  -1.2608378614E-04  -2.4827338338E-05  -3.4660438559E-03  -9.3553510554E-06
                   10                 11                 12                 13                 14        
    0      2.2461283814E-03  -1.2042099255E-04  -2.6883983945E-01  -1.1184001111E-01   6.9027075064E-03
    1     -1.0748779779E-02   8.3199302090E-04  -5.7427606178E-02  -1.5910572048E-01   1.8839369939E-03
    2     -5.0007862395E-05  -1.2421666241E-03   6.6172395622E-03   3.6711122995E-03  -4.9132920202E-02
    3     -2.8665966357E-03   3.5557992102E-04   2.0899125307E-02  -2.7888342734E-02  -5.0748094308E-04
    4      1.0222658875E-03   9.2999243961E-05  -6.5893686157E-02  -2.6435545532E-02   2.0925801015E-03
    5      9.3694122935E-05   6.5992665366E-03   5.5076076692E-04   1.0022390648E-03   5.6289529760E-03
    6      2.7837404112E-04  -9.7002915976E-05  -1.7958734531E-02  -1.4501888870E-02   5.2652826959E-04
    7      8.2665503210E-04   1.2204541983E-05   1.4815235881E-02   1.0702593307E-02  -4.3000379356E-04
    8     -1.4264710738E-05  -3.0818706031E-03   5.8475246770E-04   3.4344329425E-04   9.8632779052E-04
    9      1.0452813965E-02  -1.0049323055E-03  -5.4047349779E-02  -9.7080770231E-03   8.7581073166E-04
   10      3.4175552943E-01  -9.3403088250E-04  -9.7041773467E-03  -3.2107362343E-01   8.7208109358E-04
   11     -9.3403088250E-04   2.0790700228E-02   8.7303703585E-04   8.0764016838E-04  -2.5001886503E-02
   12     -9.7041773467E-03   8.7303703585E-04   6.1680745995E-01   3.0080333298E-03  -1.5146121927E-02
   13     -3.2107362343E-01   8.0764016838E-04   3.0080333298E-03   7.0018628320E-01  -1.5100498994E-03
   14      8.7208109358E-04  -2.5001886503E-02  -1.5146121927E-02  -1.5100498994E-03   1.0228063074E-01
   15      7.4745276540E-05   2.0967906628E-05  -6.1200058957E-02   2.4985397218E-03   1.6481667180E-03
   16      5.4893355924E-04  -4.7180513096E-05   2.4609553480E-03   6.4676931617E-03  -3.5384191058E-04
   17     -3.5153154624E-05  -7.0694881927E-04   1.6841469563E-03   7.5725262879E-04  -4.8781347852E-03
   18      6.3855019760E-05  -2.3391077420E-04   3.2949559620E-04  -5.3200332445E-04   6.9428404795E-05
   19      4.1023923371E-05   9.8871132439E-05  -3.6746898811E-04   4.6471109766E-04   1.3801239803E-04
   20     -2.5611500240E-05  -1.0316194616E-04   7.4005867317E-04   7.2066309154E-04   1.1481593816E-05
   21     -6.1158935174E-05   2.3499876234E-04   3.5080772320E-04   5.8460307604E-04  -7.8677349560E-05
   22      3.6958797321E-05   7.5587187517E-05   3.8066659082E-04   3.9769214515E-04   1.2205274871E-04
   23     -2.0035576539E-05  -1.1570427148E-04  -7.0596107447E-04   7.4284658736E-04   5.8148626585E-05
   24     -3.3627922441E-03  -1.6692613708E-04  -2.5611106142E-01   1.1892496157E-01   5.6141652494E-03
   25     -1.2520171864E-02  -7.5347842245E-04   6.4487980702E-02  -1.7213112846E-01  -1.7639882595E-03
   26      1.1953005886E-04  -1.2360049149E-03   5.9122878091E-03  -3.2001465425E-03  -4.9267951165E-02
   27     -1.2599454627E-05  -3.7751222323E-05   5.8384002662E-03  -5.4054862335E-04  -1.9581972932E-04
   28      5.2057366716E-05  -1.9569096878E-04  -4.5395529191E-04  -6.7590635855E-03   2.7035422027E-04
   29      5.0519820663E-05  -5.8834223536E-04  -2.9315091827E-04  -2.5284721206E-03  -1.1891312106E-03
   30      1.3643632963E-04   1.8201514557E-05   2.2511234604E-03   6.1285849044E-05   8.5818938054E-05
   31     -6.6329977120E-04   5.8946849981E-05   1.4679135570E-03  -5.2373785840E-03  -6.6420131403E-05
   32      7.0552990287E-06   5.8093659886E-04   1.7107271800E-04   9.1004131139E-05   6.9136579869E-03
   33      3.2293221025E-03   2.8095518328E-04   2.7398299401E-02   2.3946341660E-02  -5.6672751226E-04
   34      6.6973005507E-04  -7.8056957423E-06   6.1967558948E-02  -3.2978958056E-02  -1.6692771942E-03
   35     -8.5820018002E-05   6.6003777251E-03  -1.6259503929E-03  -4.4198404410E-04   5.6986685537E-03
   36     -2.9296649665E-04  -1.4217950501E-04  -1.7819271194E-02   1.6580351933E-02   5.8414767837E-04
   37      8.0866358604E-04  -1.5024090490E-05  -1.2736811695E-02   1.0584595347E-02   3.7977993438E-04
   38      3.8270868575E-06  -3.0782032307E-03   5.2245598394E-04  -5.6643232324E-04   9.8164270557E-04
   39     -1.8577201598E-04   1.9346943919E-05   2.1016036324E-03  -5.9429227436E-04   1.9117161222E-04
   40     -7.5594279505E-04  -2.5148239392E-05  -2.0035918781E-03  -5.0821501311E-03   3.2739741254E-05
   41      1.8332890409E-05   5.8300805920E-04   1.1225469314E-04   1.1292762123E-04   6.9105128962E-03
                   15                 16                 17                 18                 19        
    0      3.4907801795E-02   2.7144758208E-02  -2.9848404392E-04  -1.5846218505E-04   1.8743322075E-03
    1      6.6352016538E-02  -3.0975510530E-02  -2.2512576612E-03   3.1827206322E-05  -1.0840110131E-04
    2     -1.4687279301E-03  -1.7030167371E-04   1.2044986334E-03   2.5560058108E-04  -6.1303773435E-04
    3     -2.4670197416E-01   1.0210079260E-01   3.3534046056E-03   1.4922056770E-03  -3.3595220554E-03
    4      4.3242003835E-02  -1.5561088026E-01  -1.1798558332E-03  -9.3190825049E-04  -5.3603953103E-03
    5      5.2265972077E-03  -1.9649540498E-03  -6.1904475112E-02  -5.9298879882E-04   7.4254475292E-04
    6      2.0199234824E-03   5.9824764587E-04   1.9572330040E-04  -1.9683447526E-05   2.5576582313E-05
    7      1.3064908368E-03  -5.1048953142E-03  -1.4763133208E-04  -5.0549094562E-05   9.0634215248E-05
    8      1.5403698580E-04   1.2765760589E-04   7.4760121998E-03  -5.4001810165E-05   1.2266010608E-05
    9     -1.4856497523E-03   7.1967535924E-05   2.1781570762E-05  -2.5405855229E-05  -1.1184685581E-04
   10      7.4745276540E-05   5.4893355924E-04  -3.5153154624E-05   6.3855019760E-05   4.1023923371E-05
   11      2.0967906628E-05  -4.7180513096E-05  -7.0694881927E-04  -2.3391077420E-04   9.8871132439E-05
   12     -6.1200058957E-02   2.4609553480E-03   1.6841469563E-03   3.2949559620E-04  -3.6746898811E-04
   13      2.4985397218E-03   6.4676931617E-03   7.5725262879E-04  -5.3200332445E-04   4.6471109766E-04
   14      1.6481667180E-03  -3.5384191058E-04  -4.8781347852E-03   6.9428404795E-05   1.3801239803E-04
   15      6.4630636159E-01   2.5137443290E-05  -1.4822796525E-02   2.5424412845E-03   3.3159347299E-02
   16      2.5137443290E-05   6.5189511855E-01  -7.0995482282E-03   1.4402235286E-03  -1.8898758452E-02
   17     -1.4822796525E-02  -7.0995482282E-03   1.5201897631E-01   2.7839114197E-04   1.2088889474E-02
   18      2.5424412845E-03   1.4402235286E-03   2.7839114197E-04   3.1949312922E-01  -1.4389780628E-01
   19      3.3159347299E-02  -1.8898758452E-02   1.2088889474E-02  -1.4389780628E-01   1.4021553102E-01
   20      4.4539995182E-03  -1.1880637698E-02  -5.0814032893E-03   1.0634883475E-01  -6.8438638862E-02
   21     -3.8206946895E-04  -3.4870716103E-03   3.0267081826E-04  -2.0062284355E-02  -1.3600493280E-02
   22     -3.3720201673E-02  -1.6271063779E-02   1.4115298693E-02   1.5203363893E-02   7.9618198194E-03
   23     -5.6696335536E-03  -1.1388274940E-02  -4.7698190015E-03  -1.3751138614E-02  -6.2744207827E-03
   24      2.7761869614E-02  -3.1433294435E-02  -1.4865353707E-03  -5.5120520142E-04  -2.5285155854E-05
   25     -7.0663961132E-02  -2.3858267131E-02   1.8256994576E-03   8.1566869249E-04  -6.4782667932E-04
   26     -2.5910058634E-04   1.5154202295E-03   1.2078016465E-03   9.2211608635E-04  -7.2339466326E-04
   27     -1.1128254554E-01  -5.0780000254E-03   1.5812531487E-03  -3.0461254554E-01   1.2586145351E-01
   28     -6.5465686330E-03  -2.7376060524E-01  -1.9013150055E-02   1.3089297622E-01  -1.2599462195E-01
   29      3.2729637686E-03   2.7325023570E-02  -3.6229301723E-02  -9.2742493817E-02   6.3179771270E-02
   30     -1.9010246484E-02  -1.6035720977E-02   5.9491604388E-04   3.2706410527E-04   9.3541951452E-05
   31      1.3971298915E-02   8.0382845911E-03  -4.3375516682E-04  -1.6875160342E-04   1.4156349895E-04
   32      7.9040028047E-04   4.3296848818E-04   3.0176682558E-03  -1.9243393841E-04   1.2491735121E-04
   33     -2.5657879974E-01  -9.4652334466E-02   7.7769789444E-03   1.6884166030E-03   1.8667718091E-03
   34     -3.5874516923E-02  -1.4532558574E-01   1.0927386315E-03  -3.3867815897E-03   2.5974375710E-03
   35      5.9725279373E-03   3.8971066452E-03  -6.1858623629E-02   4.2329129848E-04  -9.6098756888E-04
   36      1.8423044091E-03  -1.0973419617E-03   1.2480715810E-04   4.2567657896E-05  -7.1236812755E-05
   37     -1.8185987960E-03  -4.9256017422E-03  -5.4003910342E-05   2.0059438517E-05  -5.1898118874E-04
   38      1.8360820648E-04   1.7630367690E-04   7.4793912436E-03  -1.9441171023E-05  -1.9760851113E-05
   39     -1.8739358068E-02   1.7945127956E-02   6.9161542238E-04  -4.8573355317E-04  -1.4480327723E-03
   40     -1.2009179504E-02   7.7811383302E-03   3.2418968275E-04   5.0049497472E-04   1.6263529211E-05
   41      4.9911689439E-04  -5.5945442829E-04   3.0243580691E-03  -6.9749965217E-04   6.3873995305E-04
                   20                 21                 22                 23                 24        
    0      1.0038166813E-04  -6.5279393858E-04  -1.4535188130E-05   2.0657478987E-04  -5.6964893839E-02
    1     -1.5309899908E-03  -8.0970835002E-04  -5.9044794117E-04   2.0699641465E-04  -1.6182680929E-02
    2      1.5524572598E-03  -9.6215385962E-04  -6.5860059709E-04  -4.1040775213E-04   1.9814134219E-03
    3     -1.1134981234E-03   1.7187228912E-03  -1.8674129624E-03  -7.5850377849E-04  -1.2049156589E-02
    4      3.9047665093E-04   3.4698957647E-03   2.4861501596E-03   5.8908383355E-04   2.3914884190E-02
    5      2.0929707158E-03  -5.9688236295E-04  -8.2128821537E-04  -1.5442415831E-04  -3.2738053358E-05
    6      2.7131488941E-05   4.4261787804E-05   2.8774346528E-05  -8.4938233664E-07  -2.6211490585E-01
    7      1.9068518781E-05  -6.7660217511E-05  -5.1932534668E-04  -1.0779587807E-04  -1.0704544288E-01
    8     -5.2330572112E-07   5.8954502771E-06  -2.4203661908E-05  -1.4735881403E-04   6.5693190868E-03
    9      2.6238466839E-05  -9.2303641332E-06   1.2133895532E-04  -3.3442686545E-05   4.5388159157E-03
   10     -2.5611500240E-05  -6.1158935174E-05   3.6958797321E-05  -2.0035576539E-05  -3.3627922441E-03
   11     -1.0316194616E-04   2.3499876234E-04   7.5587187517E-05  -1.1570427148E-04  -1.6692613708E-04
   12      7.4005867317E-04   3.5080772320E-04   3.8066659082E-04  -7.0596107447E-04  -2.5611106142E-01
   13      7.2066309154E-04   5.8460307604E-04   3.9769214515E-04   7.4284658736E-04   1.1892496157E-01
   14      1.1481593816E-05  -7.8677349560E-05   1.2205274871E-04   5.8148626585E-05   5.6141652494E-03
   15      4.4539995182E-03  -3.8206946895E-04  -3.3720201673E-02  -5.6696335536E-03   2.7761869614E-02
   16     -1.1880637698E-02  -3.4870716103E-03  -1.6271063779E-02  -1.1388274940E-02  -3.1433294435E-02
   17     -5.0814032893E-03   3.0267081826E-04   1.4115298693E-02  -4.7698190015E-03  -1.4865353707E-03
   18      1.0634883475E-01  -2.0062284355E-02   1.5203363893E-02  -1.3751138614E-02  -5.5120520142E-04
   19     -6.8438638862E-02  -1.3600493280E-02   7.9618198194E-03  -6.2744207827E-03  -2.5285155854E-05
   20      5.5116264142E-02   1.4491753560E-02  -8.1763217858E-03   7.5233515577E-04  -1.8162078955E-04
   21      1.4491753560E-02   3.2490973835E-01   1.2576958456E-01  -1.2722564729E-01  -3.2139082296E-04
   22     -8.1763217858E-03   1.2576958456E-01   1.2059804213E-01  -6.8150436855E-02  -1.8902609855E-03
   23      7.5233515577E-04  -1.2722564729E-01  -6.8150436855E-02   6.9393937761E-02  -1.0869073626E-04
   24     -1.8162078955E-04  -3.2139082296E-04  -1.8902609855E-03  -1.0869073626E-04   6.7737820806E-01
   25      1.7323461390E-04  -1.0938761744E-04   3.1650911569E-05  -1.5240614076E-03   2.4806366642E-02
   26     -4.5683473124E-04  -1.8825949314E-04  -4.8964866939E-04   1.5704625012E-03  -1.5951084027E-02
   27     -1.2592980860E-01  -3.0740335931E-01  -1.0829303941E-01   1.4726668826E-01  -7.9331333337E-03
   28      8.7834884164E-02  -1.1187446857E-01  -1.0867178780E-01   8.5310260483E-02   3.3424379773E-04
   29     -5.3087015088E-02   1.1236402413E-01   6.2856705083E-02  -6.7703832647E-02   1.4698154733E-03
   30     -1.4881742812E-04  -3.9921714126E-04   1.5194908944E-03  -4.3653721800E-04   1.5325838884E-04
   31      1.6017626089E-05  -4.4283748288E-04  -5.3004010613E-05   3.4276004815E-04   6.7160355138E-04
   32     -6.0172899105E-04   7.7337517598E-04   5.0179016968E-04   1.6350953037E-04  -7.8846638941E-05
   33      6.9977041293E-04   1.8743376886E-03   2.8717774355E-03   1.1612448279E-03  -1.1345442097E-01
   34      7.3025905094E-04   4.2312434636E-04  -5.6309412802E-03   2.6094397681E-04  -3.3451833685E-02
   35     -2.3063956979E-04   6.6309560781E-04   5.1545680548E-04   1.9838412756E-03   2.3348314384E-03
   36     -1.8416909320E-05  -1.5669853989E-05  -1.7238741666E-05  -2.4819616269E-05  -3.5080376233E-03
   37     -1.0873766969E-04   5.9152030709E-05   8.8163900995E-05   1.7189096096E-05  -2.9155549037E-03
   38     -1.4701338246E-04   5.6607658027E-05   1.0008640789E-05  -2.1997650657E-06   3.2984038421E-04
   39      4.9023963322E-04   3.4814681228E-04  -9.9622548800E-05   9.4457258652E-05   3.1760536758E-03
   40      2.8256191101E-04   1.5374111382E-04   1.3609229819E-04  -5.7483015904E-07   2.7648599624E-02
   41      1.8281143675E-04   1.4545800263E-04   1.1912028714E-04  -6.1848844149E-04  -2.8642483214E-04
                   25                 26                 27                 28                 29        
    0      2.4080151242E-02   1.6587215463E-03  -8.2906549334E-03   6.8253827743E-04  -5.7651913275E-04
    1      5.1199538001E-02   3.4620860710E-04  -4.3132444965E-03   5.4452953844E-03   2.2194129386E-03
    2     -8.4409185180E-04   5.0261165798E-03   1.2635385957E-03   6.3736343637E-04   4.5274365310E-03
    3      1.8313955535E-02   1.1408582531E-04   3.4545328741E-03   1.0614402149E-02   4.0925801671E-03
    4     -4.0365704812E-02  -5.9599942061E-04   4.0810782956E-02  -3.8424613079E-02  -3.1361112324E-03
    5      1.2079700187E-04  -5.6279772641E-03   1.4440612530E-03  -1.8766989453E-03   6.3879795610E-03
    6     -1.0752776302E-01   6.6526438282E-03  -1.4491627304E-04  -1.7326048107E-04  -5.7816212486E-05
    7     -1.0996247758E-01   3.1753798228E-03  -1.5633823475E-03  -3.2813263742E-04   2.7360483395E-04
    8      3.2331897599E-03  -3.0823835925E-02  -1.0113496016E-05  -1.5483116114E-04   2.1629404606E-04
    9      2.6374154749E-02  -2.5474428921E-04   4.2558868459E-04  -1.9491282955E-05  -2.8179460978E-05
   10     -1.2520171864E-02   1.1953005886E-04  -1.2599454627E-05   5.2057366716E-05   5.0519820663E-05
   11     -7.5347842245E-04  -1.2360049149E-03  -3.7751222323E-05  -1.9569096878E-04  -5.8834223536E-04
   12      6.4487980702E-02   5.9122878091E-03   5.8384002662E-03  -4.5395529191E-04  -2.9315091827E-04
   13     -1.7213112846E-01  -3.2001465425E-03  -5.4054862335E-04  -6.7590635855E-03  -2.5284721206E-03
   14     -1.7639882595E-03  -4.9267951165E-02  -1.9581972932E-04   2.7035422027E-04  -1.1891312106E-03
   15     -7.0663961132E-02  -2.5910058634E-04  -1.1128254554E-01  -6.5465686330E-03   3.2729637686E-03
   16     -2.3858267131E-02   1.5154202295E-03  -5.0780000254E-03  -2.7376060524E-01   2.7325023570E-02
   17      1.8256994576E-03   1.2078016465E-03   1.5812531487E-03  -1.9013150055E-02  -3.6229301723E-02
   18      8.1566869249E-04   9.2211608635E-04  -3.0461254554E-01   1.3089297622E-01  -9.2742493817E-02
   19     -6.4782667932E-04  -7.2339466326E-04   1.2586145351E-01  -1.2599462195E-01   6.3179771270E-02
   20      1.7323461390E-04  -4.5683473124E-04  -1.2592980860E-01   8.7834884164E-02  -5.3087015088E-02
   21     -1.0938761744E-04  -1.8825949314E-04  -3.0740335931E-01  -1.1187446857E-01   1.1236402413E-01
   22      3.1650911569E-05  -4.8964866939E-04  -1.0829303941E-01  -1.0867178780E-01   6.2856705083E-02
   23     -1.5240614076E-03   1.5704625012E-03   1.4726668826E-01   8.5310260483E-02  -6.7703832647E-02
   24      2.4806366642E-02  -1.5951084027E-02  -7.9331333337E-03   3.3424379773E-04   1.4698154733E-03
   25      6.4490756103E-01  -1.5632785834E-03   5.4177537620E-03   5.0957187566E-03   1.8738120051E-03
   26     -1.5632785834E-03   1.1453773710E-01  -4.7100444700E-04   7.1593057698E-04   4.5223280992E-03
   27      5.4177537620E-03  -4.7100444700E-04   7.2740188968E-01  -1.0141831784E-02  -2.3402935269E-02
   28      5.0957187566E-03   7.1593057698E-04  -1.0141831784E-02   5.7402399907E-01  -1.5143201068E-01
   29      1.8738120051E-03   4.5223280992E-03  -2.3402935269E-02  -1.5143201068E-01   1.4111822604E-01
   30      1.0167515923E-03  -2.1285870989E-05   1.6880508508E-03  -8.9179987110E-04   2.4229888525E-04
   31     -8.5660839264E-04   1.4912814235E-06   8.2788721012E-04   2.1370525731E-03  -2.9970852397E-04
   32      5.4842155731E-05  -8.2543358299E-05  -9.0694219945E-04  -3.7929602291E-04  -2.4417904506E-03
   33      1.9005149799E-02   1.6908400786E-03  -8.4995670550E-04  -1.3452913986E-02  -3.9242741194E-03
   34     -3.2849540187E-01   1.4777464130E-03  -4.3708322156E-02  -3.4496371741E-02  -3.4144224748E-04
   35     -1.0664795148E-03  -4.5924190732E-02  -1.2436505839E-03  -1.0586343383E-03   6.7213024560E-03
   36     -4.0639297213E-03   3.1492015587E-04  -1.3834458940E-05   1.4125377520E-04   9.1034533930E-05
   37     -4.8252033857E-04   7.4886224307E-05   1.5543498115E-03  -4.5246980102E-04   1.7510938076E-04
   38      1.0563322292E-04   6.6973625810E-03   1.4550616951E-05  -1.6472687793E-04   2.1120838804E-04
   39     -1.9464053738E-03  -1.2665508399E-04   1.7224837520E-03   9.0251275383E-04  -5.0486532114E-04
   40     -1.1914361580E-02  -8.5670064749E-04  -8.3489602996E-04   2.1335426776E-03  -2.2230743830E-04
   41      1.3074513511E-04  -1.4247041352E-04   6.2545096736E-04  -4.8766048478E-04  -2.4653617665E-03
                   30                 31                 32                 33                 34        
    0      1.2362867786E-03  -2.8603010247E-02   1.5485507737E-04  -1.5213879493E-02  -2.5730379122E-02
    1      9.8243971476E-04  -9.9697101439E-03   2.9854986402E-05  -2.0100799060E-02  -3.7139570685E-02
    2     -1.3724161573E-05   7.9705502672E-04  -1.5332798813E-04   3.6371014647E-04   8.5098533046E-04
    3     -2.5980347710E-01  -1.0540663640E-01   5.9362923143E-03  -4.5310110876E-02  -1.1360769863E-02
    4     -1.0517455584E-01  -1.0825350682E-01   2.7253927915E-03   1.8156895287E-02   4.7791856348E-02
    5      6.2964362318E-03   3.1206087703E-03  -2.7862442606E-02   1.4022656264E-03   4.1203080299E-05
    6     -3.9815616088E-05  -1.1466844877E-04  -2.9387875808E-05   1.2313730390E-03   1.4129887146E-03
    7     -9.6609603221E-05   7.5380662451E-05   6.8328977541E-08  -2.7713871254E-02  -1.0075445173E-02
    8     -3.5274510500E-05   4.2424529174E-06  -1.1424631858E-03   8.0018798366E-05   8.2594727444E-06
    9     -7.8058534853E-05  -1.4496279334E-03   4.6556449806E-05  -3.9465292639E-03   1.9581706787E-03
   10      1.3643632963E-04  -6.6329977120E-04   7.0552990287E-06   3.2293221025E-03   6.6973005507E-04
   11      1.8201514557E-05   5.8946849981E-05   5.8093659886E-04   2.8095518328E-04  -7.8056957423E-06
   12      2.2511234604E-03   1.4679135570E-03   1.7107271800E-04   2.7398299401E-02   6.1967558948E-02
   13      6.1285849044E-05  -5.2373785840E-03   9.1004131139E-05   2.3946341660E-02  -3.2978958056E-02
   14      8.5818938054E-05  -6.6420131403E-05   6.9136579869E-03  -5.6672751226E-04  -1.6692771942E-03
   15     -1.9010246484E-02   1.3971298915E-02   7.9040028047E-04  -2.5657879974E-01  -3.5874516923E-02
   16     -1.6035720977E-02   8.0382845911E-03   4.3296848818E-04  -9.4652334466E-02  -1.4532558574E-01
   17      5.9491604388E-04  -4.3375516682E-04   3.0176682558E-03   7.7769789444E-03   1.0927386315E-03
   18      3.2706410527E-04  -1.6875160342E-04  -1.9243393841E-04   1.6884166030E-03  -3.3867815897E-03
   19      9.3541951452E-05   1.4156349895E-04   1.2491735121E-04   1.8667718091E-03   2.5974375710E-03
   20     -1.4881742812E-04   1.6017626089E-05  -6.0172899105E-04   6.9977041293E-04   7.3025905094E-04
   21     -3.9921714126E-04  -4.4283748288E-04   7.7337517598E-04   1.8743376886E-03   4.2312434636E-04
   22      1.5194908944E-03  -5.3004010613E-05   5.0179016968E-04   2.8717774355E-03  -5.6309412802E-03
   23     -4.3653721800E-04   3.4276004815E-04   1.6350953037E-04   1.1612448279E-03   2.6094397681E-04
   24      1.5325838884E-04   6.7160355138E-04  -7.8846638941E-05  -1.1345442097E-01  -3.3451833685E-02
   25      1.0167515923E-03  -8.5660839264E-04   5.4842155731E-05   1.9005149799E-02  -3.2849540187E-01
   26     -2.1285870989E-05   1.4912814235E-06  -8.2543358299E-05   1.6908400786E-03   1.4777464130E-03
   27      1.6880508508E-03   8.2788721012E-04  -9.0694219945E-04  -8.4995670550E-04  -4.3708322156E-02
   28     -8.9179987110E-04   2.1370525731E-03  -3.7929602291E-04  -1.3452913986E-02  -3.4496371741E-02
   29      2.4229888525E-04  -2.9970852397E-04  -2.4417904506E-03  -3.9242741194E-03  -3.4144224748E-04
   30      2.7648249920E-01   1.1507063045E-01  -6.7657216366E-03  -2.6055128859E-03   4.3090742467E-03
   31      1.1507063045E-01   1.1421593352E-01  -3.3853637893E-03   3.0517884318E-03  -1.0585714865E-03
   32     -6.7657216366E-03  -3.3853637893E-03   2.0407419784E-02   1.8875846557E-04  -1.9124537273E-04
   33     -2.6055128859E-03   3.0517884318E-03   1.8875846557E-04   6.4910870105E-01  -3.0771571751E-02
   34      4.3090742467E-03  -1.0585714865E-03  -1.9124537273E-04  -3.0771571751E-02   6.6921094890E-01
   35      2.6528553265E-04  -1.1351464328E-04   4.3808686206E-03  -1.6281147908E-02   1.5079712777E-03
   36      9.3816611153E-04   3.0354052164E-04  -1.3471384113E-04   3.2270556089E-04  -8.6768255495E-04
   37     -2.8605416087E-04   1.0143514659E-03  -6.2398222604E-06  -7.2621853388E-04  -6.7807266559E-04
   38     -1.1775780652E-04   5.4447087249E-06  -3.4672542481E-03  -6.8768228084E-05   2.1727857313E-05
   39     -1.1401211312E-03   8.3007390965E-04   4.6506247404E-05  -2.4366462341E-01   1.1506850158E-01
   40     -7.1411500754E-04   4.6951290019E-04  -4.2108229058E-06   1.1530210165E-01  -1.2439105418E-01
   41      3.6390887484E-05  -4.9342381291E-05   2.8749005189E-04   7.1943005254E-03  -3.7929854264E-03
                   35                 36                 37                 38                 39        
    0      5.5538794229E-04  -2.4577097315E-01   1.1693408745E-01   6.5865522487E-03   3.0071017763E-05
    1      1.2309161293E-03   1.1743952803E-01  -1.2630827621E-01  -3.4054070649E-03  -1.0780630460E-03
    2     -5.6558881982E-03   6.4916619353E-03  -3.4175583147E-03  -3.0813027721E-02   1.2349963067E-05
    3      1.7875548848E-03   3.0738246180E-03   2.6762210396E-02  -1.5598409321E-04  -3.1360239457E-03
    4     -8.4122271778E-04  -2.3787821027E-03  -1.1933345584E-02   1.2693401982E-04  -4.1581465385E-03
    5      9.3140697893E-03  -7.3716103800E-05  -8.4232163518E-04   7.6401366529E-04   1.6124631494E-04
    6     -1.1466052117E-05  -1.1129461381E-03  -7.6188343204E-04   4.0673008841E-05   9.3644902002E-04
    7      7.5979462180E-04   8.6991479300E-04   3.7541806012E-04  -2.9383983317E-05   2.9705741410E-04
    8      7.5577115260E-04   3.7477293688E-05   1.8427932967E-05   2.1468890062E-04  -1.4057922478E-04
    9      3.2372354317E-04   9.8944109553E-04   4.7536569764E-04  -1.3449961996E-04   1.3126299267E-05
   10     -8.5820018002E-05  -2.9296649665E-04   8.0866358604E-04   3.8270868575E-06  -1.8577201598E-04
   11      6.6003777251E-03  -1.4217950501E-04  -1.5024090490E-05  -3.0782032307E-03   1.9346943919E-05
   12     -1.6259503929E-03  -1.7819271194E-02  -1.2736811695E-02   5.2245598394E-04   2.1016036324E-03
   13     -4.4198404410E-04   1.6580351933E-02   1.0584595347E-02  -5.6643232324E-04  -5.9429227436E-04
   14      5.6986685537E-03   5.8414767837E-04   3.7977993438E-04   9.8164270557E-04   1.9117161222E-04
   15      5.9725279373E-03   1.8423044091E-03  -1.8185987960E-03   1.8360820648E-04  -1.8739358068E-02
   16      3.8971066452E-03  -1.0973419617E-03  -4.9256017422E-03   1.7630367690E-04   1.7945127956E-02
   17     -6.1858623629E-02   1.2480715810E-04  -5.4003910342E-05   7.4793912436E-03   6.9161542238E-04
   18      4.2329129848E-04   4.2567657896E-05   2.0059438517E-05  -1.9441171023E-05  -4.8573355317E-04
   19     -9.6098756888E-04  -7.1236812755E-05  -5.1898118874E-04  -1.9760851113E-05  -1.4480327723E-03
   20     -2.3063956979E-04  -1.8416909320E-05  -1.0873766969E-04  -1.4701338246E-04   4.9023963322E-04
   21      6.6309560781E-04  -1.5669853989E-05   5.9152030709E-05   5.6607658027E-05   3.4814681228E-04
   22      5.1545680548E-04  -1.7238741666E-05   8.8163900995E-05   1.0008640789E-05  -9.9622548800E-05
   23      1.9838412756E-03  -2.4819616269E-05   1.7189096096E-05  -2.1997650657E-06   9.4457258652E-05
   24      2.3348314384E-03  -3.5080376233E-03  -2.9155549037E-03   3.2984038421E-04   3.1760536758E-03
   25     -1.0664795148E-03  -4.0639297213E-03  -4.8252033857E-04   1.0563322292E-04  -1.9464053738E-03
   26     -4.5924190732E-02   3.1492015587E-04   7.4886224307E-05   6.6973625810E-03  -1.2665508399E-04
   27     -1.2436505839E-03  -1.3834458940E-05   1.5543498115E-03   1.4550616951E-05   1.7224837520E-03
   28     -1.0586343383E-03   1.4125377520E-04  -4.5246980102E-04  -1.6472687793E-04   9.0251275383E-04
   29      6.7213024560E-03   9.1034533930E-05   1.7510938076E-04   2.1120838804E-04  -5.0486532114E-04
   30      2.6528553265E-04   9.3816611153E-04  -2.8605416087E-04  -1.1775780652E-04  -1.1401211312E-03
   31     -1.1351464328E-04   3.0354052164E-04   1.0143514659E-03   5.4447087249E-06   8.3007390965E-04
   32      4.3808686206E-03  -1.3471384113E-04  -6.2398222604E-06  -3.4672542481E-03   4.6506247404E-05
   33     -1.6281147908E-02   3.2270556089E-04  -7.2621853388E-04  -6.8768228084E-05  -2.4366462341E-01
   34      1.5079712777E-03  -8.6768255495E-04  -6.7807266559E-04   2.1727857313E-05   1.1506850158E-01
   35      1.0665103708E-01  -1.4376730978E-05   5.1403164786E-05  -5.2744894017E-04   6.8529682412E-03
   36     -1.4376730978E-05   2.6105548576E-01  -1.2666575188E-01  -7.2039563738E-03  -2.3762797660E-05
   37      5.1403164786E-05  -1.2666575188E-01   1.3236842642E-01   3.7360862406E-03   1.0378337226E-04
   38     -5.2744894017E-04  -7.2039563738E-03   3.7360862406E-03   2.2830389600E-02  -2.9990842087E-05
   39      6.8529682412E-03  -2.3762797660E-05   1.0378337226E-04  -2.9990842087E-05   2.5886168870E-01
   40     -3.3830849534E-03   1.2220642556E-04   5.9648752288E-05  -3.1725443911E-06  -1.2563779275E-01
   41     -2.7909145581E-02  -3.5759647416E-05  -6.0783402982E-06  -1.1435497965E-03  -7.7623548944E-03
                   40                 41        
     0     -7.3466604733E-04   7.4328932353E-05
     1     -7.3010001550E-04   1.1151722876E-04
     2      4.2311336349E-05  -8.7165476931E-05
     3     -2.9009108846E-03   2.3472098998E-04
     4     -5.3205743604E-04   5.6916161235E-05
     5      6.4586715897E-05   4.3818636931E-03
     6     -2.9225128052E-04  -1.2608378614E-04
     7      1.0151318150E-03  -2.4827338338E-05
     8      2.3957101033E-05  -3.4660438559E-03
     9      1.4013299313E-03  -9.3553510554E-06
    10     -7.5594279505E-04   1.8332890409E-05
    11     -2.5148239392E-05   5.8300805920E-04
    12     -2.0035918781E-03   1.1225469314E-04
    13     -5.0821501311E-03   1.1292762123E-04
    14      3.2739741254E-05   6.9105128962E-03
    15     -1.2009179504E-02   4.9911689439E-04
    16      7.7811383302E-03  -5.5945442829E-04
    17      3.2418968275E-04   3.0243580691E-03
    18      5.0049497472E-04  -6.9749965217E-04
    19      1.6263529211E-05   6.3873995305E-04
    20      2.8256191101E-04   1.8281143675E-04
    21      1.5374111382E-04   1.4545800263E-04
    22      1.3609229819E-04   1.1912028714E-04
    23     -5.7483015904E-07  -6.1848844149E-04
    24      2.7648599624E-02  -2.8642483214E-04
    25     -1.1914361580E-02   1.3074513511E-04
    26     -8.5670064749E-04  -1.4247041352E-04
    27     -8.3489602996E-04   6.2545096736E-04
    28      2.1335426776E-03  -4.8766048478E-04
    29     -2.2230743830E-04  -2.4653617665E-03
    30     -7.1411500754E-04   3.6390887484E-05
    31      4.6951290019E-04  -4.9342381291E-05
    32     -4.2108229058E-06   2.8749005189E-04
    33      1.1530210165E-01   7.1943005254E-03
    34     -1.2439105418E-01  -3.7929854264E-03
    35     -3.3830849534E-03  -2.7909145581E-02
    36      1.2220642556E-04  -3.5759647416E-05
    37      5.9648752288E-05  -6.0783402982E-06
    38     -3.1725443911E-06  -1.1435497965E-03
    39     -1.2563779275E-01  -7.7623548944E-03
    40      1.3179433583E-01   3.7284510551E-03
    41      3.7284510551E-03   2.0462181125E-02

$vibrational_frequencies
42
    0        0.0000000000000000
    1        0.0000000000000000
    2        0.0000000000000000
    3        0.0000000000000000
    4        0.0000000000000000
    5        0.0000000000000000
    6      210.9900746501084825
    7      301.6948476109063222
    8      370.9116401073890188
    9      397.7767411685827597
   10      486.0641533901952016
   11      517.4917631640649915
   12      593.9454711096221899
   13      612.2699797302054776
   14      672.7604596081565660
   15      727.7284625956260697
   16      786.7678854972668887
   17      807.8888197062649397
   18      836.0839371392247585
   19      886.5479237749824506
   20      901.0564327582162605
   21      979.8588233456855505
   22     1020.0717705354368263
   23     1037.4181778508097977
   24     1106.7832005526067860
   25     1146.1159789081989402
   26     1166.2451107685183160
   27     1267.4867050268478579
   28     1321.9819509192739133
   29     1340.5693958574597673
   30     1454.5889928714684629
   31     1483.9463832242252010
   32     1573.3226860190427487
   33     1595.1378856176061163
   34     1611.9216055574502207
   35     3081.0586994910891008
   36     3082.2896841970664354
   37     3098.4607992830929106
   38     3103.4135518107145799
   39     3122.4417723439623842
   40     3464.1522924416535716
   41     3559.7509197877625411

$normal_modes
42 42
                    0                  1                  2                  3                  4        
    0      0.0000000000E+00   0.0000000000E+00   0.0000000000E+00   0.0000000000E+00   0.0000000000E+00
    1      0.0000000000E+00   0.0000000000E+00   0.0000000000E+00   0.0000000000E+00   0.0000000000E+00
    2      0.0000000000E+00   0.0000000000E+00   0.0000000000E+00   0.0000000000E+00   0.0000000000E+00
    3      0.0000000000E+00   0.0000000000E+00   0.0000000000E+00   0.0000000000E+00   0.0000000000E+00
    4      0.0000000000E+00   0.0000000000E+00   0.0000000000E+00   0.0000000000E+00   0.0000000000E+00
