
$orca_hessian_file

$act_atom
  0

$act_coord
  0

$act_energy
        0.000000

$multiplicity
  1

$hessian
39
                    0                  1                  2                  3                  4        
    0      6.6214136111E-01  -3.8746556830E-02   2.6988962313E-02  -1.1739247203E-01   1.0191562164E-02
    1     -3.8746556830E-02   6.0823520839E-01  -1.4509125738E-01  -4.1653736267E-02  -3.0663051297E-01
    2      2.6988962313E-02  -1.4509125738E-01   1.5823914098E-01   1.0862857162E-02   7.4430545148E-02
    3     -1.1739247203E-01  -4.1653736267E-02   1.0862857162E-02   6.6701876183E-01   4.6123988574E-02
    4      1.0191562164E-02  -3.0663051297E-01   7.4430545148E-02   4.6123988574E-02   6.0200919516E-01
    5     -1.6962454239E-03   7.7081012312E-02  -7.5803078358E-02  -1.7843850460E-04  -1.4397313061E-01
    6      1.8501295425E-03  -2.6582830076E-02   7.9053131751E-03  -5.0041160595E-03  -1.9370891691E-03
    7      1.3388353338E-03  -8.0596130319E-03   3.4317119611E-03  -2.6959997616E-03   1.4977756391E-03
    8     -6.0467383237E-04   2.6132133077E-03   2.6545960080E-03   4.7075889125E-04   1.5044247203E-03
    9      2.4754646603E-02   3.9371193260E-02  -1.1643198388E-02  -2.3428149932E-01   6.2316846206E-02
   10      2.1546495535E-02  -3.2353374334E-02   1.0851356529E-02   9.5955605789E-02  -1.5347090950E-01
   11     -9.8251436601E-03   7.9523047542E-03   4.6554075371E-03  -3.9031317260E-02   4.2259415224E-02
   12     -2.7166921508E-01  -3.4203200252E-02   2.6048999698E-03   1.2112016904E-02  -6.7709246455E-02
   13     -9.6049342400E-02  -1.4176821893E-01   2.3851492029E-02  -3.1244277305E-02  -1.8543353747E-02
   14      2.2570882925E-02   2.5224560962E-02  -6.0315890169E-02   9.6236963199E-03   5.3706939474E-03
   15      1.9090195586E-03   3.0907949404E-03  -6.2133544977E-04  -1.4616231790E-03   1.8399340533E-04
   16      1.7912606052E-05   1.2308463367E-04  -6.5437363380E-04   3.3619137234E-03  -4.9669941231E-03
   17      1.2331679516E-03   1.9770805103E-03  -9.0836229142E-04   4.4051649686E-03  -6.2615091411E-03
   18      1.8288005011E-04  -4.9767138051E-04   1.6349438885E-04  -3.4626016888E-03  -3.7180225259E-03
   19     -6.3875869633E-04  -4.1114298191E-04  -6.8871948639E-05  -2.8533156117E-03  -2.1692609201E-04
   20      4.1438677800E-04   2.2217204522E-04  -5.7449004777E-04   6.3436537108E-04   1.1862753516E-03
   21     -3.7643472013E-03   2.7491102606E-03  -9.7626582920E-04   6.1047694917E-03   2.2854594727E-02
   22      3.5232560477E-03   1.3158259326E-03   2.1872734962E-03  -2.5530980538E-03  -1.2349449835E-02
   23     -9.6127560283E-04   1.7035547150E-03   4.4660403217E-03   2.3834507795E-03   3.0598263218E-03
   24     -5.1355040093E-02  -8.4554886617E-03   1.0902624632E-03  -7.0533045527E-03   1.8435091061E-02
   25      2.6591889894E-02   5.3622369166E-02  -1.4356487574E-02   1.5317282413E-02  -3.8357990000E-02
   26     -9.5082637195E-03  -1.5241467455E-02   9.8183158049E-03  -4.9723670754E-03   1.0546835286E-02
   27     -2.1274566304E-03   3.7430009313E-03  -1.3160614218E-03   3.5767707384E-04   7.5148527765E-04
   28      2.8845220623E-03  -9.0573713328E-04   2.2584928097E-03   5.2298832304E-04  -7.1648497576E-04
   29     -1.1639427302E-03   2.1637217820E-03   5.8695200432E-03  -9.4082276641E-05   6.0369178156E-05
   30     -2.3183661129E-01   1.1961552225E-01  -4.0560417297E-02   5.5428641141E-03  -3.3982475076E-03
   31      1.1956910034E-01  -1.3368332076E-01   3.2984868639E-02   2.4874724122E-02  -1.1734641907E-02
   32     -4.0739082672E-02   3.3279497029E-02  -4.3544062746E-02  -7.4532394003E-03   4.1889211635E-03
   33     -1.4256240818E-02  -1.9930232295E-02   6.2016748871E-03  -4.7598406078E-02   1.8029748428E-02
   34     -2.3263506423E-02  -3.2318592088E-02   7.6080249519E-03  -2.5706682498E-03   4.3147380796E-02
   35      5.4291885181E-03   5.3119611371E-03  -7.6463925949E-03   1.0577387063E-03  -1.0009410870E-02
   36      1.5633462762E-03   1.4918340642E-03  -6.8274289727E-04  -2.7488206650E-01  -1.0212134546E-01
   37     -2.6957149585E-02  -7.1659758915E-03   2.5843510143E-03  -1.0258876642E-01  -9.9667088438E-02
   38      7.8445960781E-03   2.7865202399E-03   3.0892555125E-03   2.2314221879E-02   1.7626479209E-02
                    5                  6                  7                  8                  9        
    0     -1.6962454239E-03   1.8501295425E-03   1.3388353338E-03  -6.0467383237E-04   2.4754646603E-02
    1      7.7081012312E-02  -2.6582830076E-02  -8.0596130319E-03   2.6132133077E-03   3.9371193260E-02
    2     -7.5803078358E-02   7.9053131751E-03   3.4317119611E-03   2.6545960080E-03  -1.1643198388E-02
    3     -1.7843850460E-04  -5.0041160595E-03  -2.6959997616E-03   4.7075889125E-04  -2.3428149932E-01
    4     -1.4397313061E-01  -1.9370891691E-03   1.4977756391E-03   1.5044247203E-03   6.2316846206E-02
    5      1.6399128955E-01   1.3519258129E-04   1.4889339267E-03   6.3408773678E-03  -1.7241031678E-02
    6      1.3519258129E-04   5.7426945823E-02   2.4534196239E-02  -6.3890674702E-03  -8.8271887279E-04
    7      1.4889339267E-03   2.4534196239E-02   3.1322798546E-01  -8.5779406209E-02   1.4759581230E-04
    8      6.3408773678E-03  -6.3890674702E-03  -8.5779406209E-02   4.7606448275E-02   2.2576577721E-05
    9     -1.7241031678E-02  -8.8271887279E-04   1.4759581230E-04   2.2576577721E-05   5.7880355503E-01
   10      3.5895413346E-02   1.1993458580E-04   6.5712553582E-04   4.3719467759E-05   1.1145773037E-02
   11     -6.7163688954E-02  -2.6973593805E-05  -5.4222869745E-04  -1.2319912009E-03   4.4889822819E-03
   12      1.6124547867E-02  -5.7547206163E-02  -2.2735037130E-02   6.1479980337E-03  -3.1780578158E-02
   13      5.9367428472E-03  -2.2723072318E-02  -2.9597607632E-01   7.7196831872E-02   2.5791171290E-03
   14      3.2040902198E-03   6.1487599276E-03   7.7227458491E-02  -5.6806161553E-02  -1.3855651268E-03
   15      4.8141051848E-04  -5.4161811717E-05   5.1857253136E-06  -1.0411674413E-05   2.7470353557E-03
   16     -1.8945257797E-03   7.6758536661E-06   3.4938958448E-05  -1.8257910427E-05   1.5221165332E-05
   17     -1.4487663622E-03  -5.1595349824E-06   2.9812105223E-05   9.8366593224E-05   6.4003720396E-04
   18      7.0849220024E-04   1.5555223091E-04  -3.1093693170E-04   6.4318689711E-05  -1.7843016287E-02
   19      1.5176308878E-03   1.2661226782E-03  -6.9840774285E-04   1.0230389488E-04  -1.2083340327E-02
   20      4.8741580611E-03  -3.9145478371E-04   9.8551188504E-05  -3.8979540416E-04   2.1631480158E-03
   21     -1.0024053564E-02   1.3638905932E-04  -1.6228571436E-05   8.7991510012E-06  -5.6224100598E-02
   22      5.0976180744E-03  -5.4292382318E-06  -1.7134548097E-04  -3.9394506937E-04  -2.2825755432E-02
   23      1.4079340945E-03   2.7349039548E-05  -1.6208197169E-04  -6.6997036843E-04   9.2955136791E-03
   24     -4.6085072788E-03   6.0999229552E-03  -3.9258102011E-03   1.3789599194E-03   1.1436138468E-02
   25      7.8433249350E-03   2.4002360694E-02  -1.1682838272E-02   4.9542976597E-03  -4.6912284155E-02
   26     -8.6889877902E-03  -7.1125479947E-03   4.3785731152E-03   2.0081802897E-03   1.4187363098E-02
   27     -1.5309671210E-04   9.2492439135E-04   2.0525014563E-04   3.3845196205E-05   1.5663123596E-03
   28      2.3665895103E-05  -3.4889802585E-04   5.4025367384E-04  -1.0523537614E-03   6.4286791797E-04
   29     -5.7404296608E-04   2.3490150664E-04  -1.0598580057E-03  -2.7321018527E-03  -5.9613555859E-04
   30      1.0250947391E-03   9.5816893499E-04  -1.7162941756E-04   1.6415222152E-04   1.2257364604E-03
   31      4.4583760045E-03   3.8344850917E-04   5.1042975710E-04  -1.0258839041E-03  -1.9484507653E-03
   32      6.8241067117E-04  -3.9537395404E-05  -1.0518743401E-03  -2.7359798008E-03   5.5898693387E-04
   33     -8.4791533590E-03  -4.0114163244E-03   3.4243292431E-03  -1.2701209091E-03  -2.6165881088E-01
   34     -1.0231179679E-02   2.6634768387E-03   6.4785351788E-04   1.8766397505E-03  -4.9188807385E-02
   35      1.1189424436E-02  -9.3286801912E-04   1.8829762021E-03   6.2074755583E-03   3.9865823172E-03
   36      2.3882979054E-02  -5.2413706562E-05   1.9649283086E-04  -1.6759121195E-05  -1.7862700161E-02
   37      1.6766382917E-02  -1.3761398881E-03  -5.2808169429E-04  -2.1153257555E-05   1.6729625662E-02
   38     -3.8011619970E-02   4.4571688855E-04   5.7001672717E-05  -3.4994391220E-04  -4.4746762646E-03
                   10                 11                 12                 13                 14        
    0      2.1546495535E-02  -9.8251436601E-03  -2.7166921508E-01  -9.6049342400E-02   2.2570882925E-02
    1     -3.2353374334E-02   7.9523047542E-03  -3.4203200252E-02  -1.4176821893E-01   2.5224560962E-02
    2      1.0851356529E-02   4.6554075371E-03   2.6048999698E-03   2.3851492029E-02  -6.0315890169E-02
    3      9.5955605789E-02  -3.9031317260E-02   1.2112016904E-02  -3.1244277305E-02   9.6236963199E-03
    4     -1.5347090950E-01   4.2259415224E-02  -6.7709246455E-02  -1.8543353747E-02   5.3706939474E-03
    5      3.5895413346E-02  -6.7163688954E-02   1.6124547867E-02   5.9367428472E-03   3.2040902198E-03
    6      1.1993458580E-04  -2.6973593805E-05  -5.7547206163E-02  -2.2723072318E-02   6.1487599276E-03
    7      6.5712553582E-04  -5.4222869745E-04  -2.2735037130E-02  -2.9597607632E-01   7.7227458491E-02
    8      4.3719467759E-05  -1.2319912009E-03   6.1479980337E-03   7.7196831872E-02  -5.6806161553E-02
    9      1.1145773037E-02   4.4889822819E-03  -3.1780578158E-02   2.5791171290E-03  -1.3855651268E-03
   10      6.0137709305E-01  -1.9154832724E-01   2.6485761009E-03   2.7241840693E-04  -2.3078923015E-03
   11     -1.9154832724E-01   1.8159443158E-01  -1.2701080884E-03  -5.1161067927E-04  -7.6259890750E-03
   12      2.6485761009E-03  -1.2701080884E-03   6.0454795928E-01   1.0538942064E-02   9.3196233144E-03
   13      2.7241840693E-04  -5.1161067927E-04   1.0538942064E-02   6.4263300095E-01  -1.5400164560E-01
   14     -2.3078923015E-03  -7.6259890750E-03   9.3196233144E-03  -1.5400164560E-01   1.6762506029E-01
   15     -2.7471502828E-04   2.0079397879E-04  -4.5305077288E-03   3.9895354933E-04  -2.5976777265E-04
   16      3.5768872978E-03   1.1396495149E-03   3.4546162808E-04  -8.8077110715E-06  -1.0016734028E-04
   17      6.3157509695E-03   7.1361607285E-05  -3.1218886674E-04  -7.3661958586E-04   5.5963674851E-04
   18      1.6259861296E-02  -5.3899988417E-03   1.0055423078E-03  -1.0621210783E-03   2.3590679975E-04
   19      9.8503705821E-03  -2.8594293569E-03  -1.9708460844E-03  -4.2220279697E-03   3.3678520809E-03
   20     -1.7287323570E-03   2.1176770424E-03   5.8669908968E-06   3.5790387914E-03   6.4865601518E-03
   21     -2.2914535934E-02   9.1573196986E-03  -1.6510893707E-03   1.7713815089E-04  -9.4311651257E-05
   22     -2.7861011727E-01   1.0539123283E-01   1.7440387306E-04   3.1275384976E-04  -4.2509866683E-04
   23      1.0732241036E-01  -7.2040115377E-02  -8.9449528233E-05  -4.4952743439E-04  -4.2674851976E-04
   24     -2.9518255043E-02   1.1852645624E-02  -2.4476631167E-01   1.0986084578E-01  -3.7252414129E-02
   25     -2.1437869799E-02   1.9137305612E-03   4.7969715244E-02  -1.6455270051E-01   3.4077030146E-02
   26      6.2696709126E-03   7.0336299052E-03  -1.7246186817E-02   3.5623787244E-02  -6.4133261563E-02
   27     -1.6957999014E-04  -3.5776035266E-05  -1.7988411828E-02  -1.2211311300E-02   3.1671137105E-03
   28     -4.6907782328E-03   3.7819515375E-03   1.6299887864E-02   9.7166232902E-03  -2.1184357836E-03
   29      3.0806255659E-03   6.6338335107E-03  -5.1406031261E-03  -2.9282546565E-03   2.0210327376E-03
   30     -1.0706528687E-03   1.1215564184E-04  -1.7859243970E-02   1.6852952231E-02  -5.5291336492E-03
   31     -4.4156234080E-03   3.6445656511E-03  -1.1671157224E-02   9.6329891787E-03  -2.8038024149E-03
   32      2.9427642613E-03   6.7071926676E-03   2.7653468822E-03  -2.1263840023E-03   1.9847555361E-03
   33     -8.2071679436E-02   2.6750254595E-02   2.8815997258E-02   2.3064660716E-02  -6.3489223041E-03
   34     -1.3053874144E-01   3.1523375226E-02   5.9547248641E-02  -3.2989967172E-02   1.2935014912E-02
   35      2.5394962182E-02  -6.2955594417E-02  -1.2943854234E-02   1.0957713718E-02   9.5722825529E-04
   36     -1.1646430167E-02   3.0145825685E-03   1.3110482175E-03  -1.6960706033E-04  -2.0307380945E-04
   37      9.7835191176E-03  -2.1085200106E-03   7.5237357174E-04  -4.5066333101E-03   3.5388767229E-03
   38     -2.5678310103E-03   2.2038451732E-03   4.1313046598E-05   3.6239903123E-03   6.4696869410E-03
                   15                 16                 17                 18                 19        
    0      1.9090195586E-03   1.7912606052E-05   1.2331679516E-03   1.8288005011E-04  -6.3875869633E-04
    1      3.0907949404E-03   1.2308463367E-04   1.9770805103E-03  -4.9767138051E-04  -4.1114298191E-04
    2     -6.2133544977E-04  -6.5437363380E-04  -9.0836229142E-04   1.6349438885E-04  -6.8871948639E-05
    3     -1.4616231790E-03   3.3619137234E-03   4.4051649686E-03  -3.4626016888E-03  -2.8533156117E-03
    4      1.8399340533E-04  -4.9669941231E-03  -6.2615091411E-03  -3.7180225259E-03  -2.1692609201E-04
    5      4.8141051848E-04  -1.8945257797E-03  -1.4487663622E-03   7.0849220024E-04   1.5176308878E-03
    6     -5.4161811717E-05   7.6758536661E-06  -5.1595349824E-06   1.5555223091E-04   1.2661226782E-03
    7      5.1857253136E-06   3.4938958448E-05   2.9812105223E-05  -3.1093693170E-04  -6.9840774285E-04
    8     -1.0411674413E-05  -1.8257910427E-05   9.8366593224E-05   6.4318689711E-05   1.0230389488E-04
    9      2.7470353557E-03   1.5221165332E-05   6.4003720396E-04  -1.7843016287E-02  -1.2083340327E-02
   10     -2.7471502828E-04   3.5768872978E-03   6.3157509695E-03   1.6259861296E-02   9.8503705821E-03
   11      2.0079397879E-04   1.1396495149E-03   7.1361607285E-05  -5.3899988417E-03  -2.8594293569E-03
   12     -4.5305077288E-03   3.4546162808E-04  -3.1218886674E-04   1.0055423078E-03  -1.9708460844E-03
   13      3.9895354933E-04  -8.8077110715E-06  -7.3661958586E-04  -1.0621210783E-03  -4.2220279697E-03
   14     -2.5976777265E-04  -1.0016734028E-04   5.5963674851E-04   2.3590679975E-04   3.3678520809E-03
   15      8.1749063576E-04   1.1711308078E-04  -6.3353403121E-05   2.0811085556E-04  -6.4264747262E-05
   16      1.1711308078E-04   5.4814960670E-03   5.3056317508E-03   1.8541962514E-04   4.2112559034E-05
   17     -6.3353403121E-05   5.3056317508E-03   1.0426286968E-02   3.3730911771E-04   1.3245411492E-04
   18      2.0811085556E-04   1.8541962514E-04   3.3730911771E-04   2.4612336879E-01  -1.2965136690E-01
   19     -6.4264747262E-05   4.2112559034E-05   1.3245411492E-04  -1.2965136690E-01   1.4045139705E-01
   20     -4.6984253310E-05   1.5948627684E-04   3.0390718636E-04   4.3526944751E-02  -3.7825007578E-02
   21      2.1859310599E-05  -9.7672241315E-06   3.9669633664E-05   8.8397199857E-04   3.3216708859E-04
   22      9.8415272984E-05  -9.5051242841E-04  -3.5137971782E-03  -1.8634881870E-05   2.7230690583E-04
   23      2.2013258022E-04  -1.3195059858E-03  -6.3515477870E-03   2.2635959181E-04  -9.0231443995E-04
   24      1.4124294499E-03  -1.4286636989E-04  -6.7795233108E-04   5.8823349849E-03   2.4560148832E-02
   25     -3.5161347386E-03   6.1918350266E-04   1.7925397552E-03  -3.8389257935E-03  -1.0834530824E-02
   26      7.8204362118E-04  -7.7926855624E-04  -9.3301185901E-04   1.3869448348E-03   4.9687379525E-03
   27      9.6138435572E-05   2.9986763668E-05   1.8487945669E-05   7.6411469496E-04  -2.0803370377E-04
   28      9.4916341331E-05   1.8116400720E-04   1.2071006928E-04   3.0148624921E-04   6.3169731105E-04
   29      1.3960377179E-04   1.1875064787E-04  -3.7476128581E-05  -2.5926921022E-05  -1.2323984193E-03
   30      8.9329539125E-05  -2.6485978675E-05   1.3551525938E-05   2.1320473364E-05   1.0585947763E-04
   31     -9.2017676992E-05   2.0033640266E-04   1.1098170050E-04   1.0852649130E-04  -7.6031334324E-06
   32     -1.0705048988E-04   1.3629937057E-04  -5.1065817772E-05   4.2720672452E-06  -3.3396392772E-04
   33     -1.4660021449E-03  -3.6866776219E-03  -5.3129950965E-03  -2.3299549159E-01   1.2188585972E-01
   34     -5.6790202654E-05  -4.4032006374E-03  -5.5202751455E-03   1.2135405071E-01  -1.3530742048E-01
   35     -7.6376765364E-04  -2.1698269240E-03  -2.0071588251E-03  -4.0933500343E-02   3.3051529367E-02
   36      2.1088172359E-04  -2.2234082763E-04  -3.1784792304E-04  -9.2608682151E-04  -6.8419216663E-04
   37      2.1983654494E-05   7.0311471430E-05   1.8804358631E-04   8.9229556527E-04   4.5017481746E-04
   38      5.0795034550E-05   1.3530505808E-04   2.7782996773E-04  -3.1003072125E-04   8.5730383700E-05
                   20                 21                 22                 23                 24        
    0      4.1438677800E-04  -3.7643472013E-03   3.5232560477E-03  -9.6127560283E-04  -5.1355040093E-02
    1      2.2217204522E-04   2.7491102606E-03   1.3158259326E-03   1.7035547150E-03  -8.4554886617E-03
    2     -5.7449004777E-04  -9.7626582920E-04   2.1872734962E-03   4.4660403217E-03   1.0902624632E-03
    3      6.3436537108E-04   6.1047694917E-03  -2.5530980538E-03   2.3834507795E-03  -7.0533045527E-03
    4      1.1862753516E-03   2.2854594727E-02  -1.2349449835E-02   3.0598263218E-03   1.8435091061E-02
    5      4.8741580611E-03  -1.0024053564E-02   5.0976180744E-03   1.4079340945E-03  -4.6085072788E-03
    6     -3.9145478371E-04   1.3638905932E-04  -5.4292382318E-06   2.7349039548E-05   6.0999229552E-03
    7      9.8551188504E-05  -1.6228571436E-05  -1.7134548097E-04  -1.6208197169E-04  -3.9258102011E-03
    8     -3.8979540416E-04   8.7991510012E-06  -3.9394506937E-04  -6.6997036843E-04   1.3789599194E-03
    9      2.1631480158E-03  -5.6224100598E-02  -2.2825755432E-02   9.2955136791E-03   1.1436138468E-02
   10     -1.7287323570E-03  -2.2914535934E-02  -2.7861011727E-01   1.0732241036E-01  -2.9518255043E-02
   11      2.1176770424E-03   9.1573196986E-03   1.0539123283E-01  -7.2040115377E-02   1.1852645624E-02
   12      5.8669908968E-06  -1.6510893707E-03   1.7440387306E-04  -8.9449528233E-05  -2.4476631167E-01
   13      3.5790387914E-03   1.7713815089E-04   3.1275384976E-04  -4.4952743439E-04   1.0986084578E-01
   14      6.4865601518E-03  -9.4311651257E-05  -4.2509866683E-04  -4.2674851976E-04  -3.7252414129E-02
   15     -4.6984253310E-05   2.1859310599E-05   9.8415272984E-05   2.2013258022E-04   1.4124294499E-03
   16      1.5948627684E-04  -9.7672241315E-06  -9.5051242841E-04  -1.3195059858E-03  -1.4286636989E-04
   17      3.0390718636E-04   3.9669633664E-05  -3.5137971782E-03  -6.3515477870E-03  -6.7795233108E-04
   18      4.3526944751E-02   8.8397199857E-04  -1.8634881870E-05   2.2635959181E-04   5.8823349849E-03
   19     -3.7825007578E-02   3.3216708859E-04   2.7230690583E-04  -9.0231443995E-04   2.4560148832E-02
   20      3.4981282452E-02  -1.5421057658E-04  -1.4842140267E-03  -2.2525776772E-03  -7.2229442034E-03
   21     -1.5421057658E-04   5.6708671753E-02   2.4568720639E-02  -9.5654169913E-03  -4.7681980798E-03
   22     -1.4842140267E-03   2.4568720639E-02   2.9736854760E-01  -1.1113621631E-01  -2.7571404460E-03
   23     -2.2525776772E-03  -9.5654169913E-03  -1.1113621631E-01   7.1267313958E-02   3.2872404807E-04
   24     -7.2229442034E-03  -4.7681980798E-03  -2.7571404460E-03   3.2872404807E-04   6.7752227140E-01
   25      3.7263239609E-03  -1.9442116935E-03   2.1851576967E-03   1.3743967904E-03   4.1907309450E-02
   26      2.4528341258E-03   4.1860083047E-04   1.7626055641E-03   4.5940432998E-03   9.8541225938E-04
   27      1.5164494710E-04  -5.0772738773E-05   1.6366127906E-04  -1.0484895602E-04  -2.7321233454E-01
   28     -1.3209482170E-03  -1.4739628491E-03  -3.9511310647E-04   1.4879257049E-04  -1.0033812104E-01
   29     -3.3027964112E-03   9.9860477678E-05   2.3854927338E-04   1.0404064311E-05   2.3806758180E-02
   30     -3.2880629296E-06   1.3732422041E-04  -2.7192276196E-04   1.4141504172E-04  -3.3450481913E-03
   31     -3.5206076534E-04   1.3680107887E-03  -5.8613539208E-04   2.6908715822E-04  -2.7103903859E-03
   32     -1.1245029297E-03  -5.8054436755E-05   2.3072143772E-04   1.1461615212E-05   6.1361351935E-04
   33     -3.9233418722E-02   1.6319074127E-03  -1.6874077649E-04  -1.8436511833E-03  -1.1824262598E-01
   34      3.3608661395E-02  -2.5357592306E-02  -8.7090372125E-03   1.0035486511E-03  -4.7441529782E-02
   35     -4.4322402135E-02   1.0926941656E-02   3.5581338357E-03   2.2326743408E-03   1.0003283540E-02
   36      1.6135813431E-04   8.3361474159E-04   7.4558284046E-05  -6.2139485988E-05   3.8976585337E-04
   37      1.2620092322E-04  -3.3573688334E-04   3.1711873924E-04  -9.1308895577E-04   5.1844405031E-04
   38      7.5014558485E-04   2.2495858924E-04  -1.5117447285E-03  -2.2489119649E-03  -2.8272090176E-04
                   25                 26                 27                 28                 29        
    0      2.6591889894E-02  -9.5082637195E-03  -2.1274566304E-03   2.8845220623E-03  -1.1639427302E-03
    1      5.3622369166E-02  -1.5241467455E-02   3.7430009313E-03  -9.0573713328E-04   2.1637217820E-03
    2     -1.4356487574E-02   9.8183158049E-03  -1.3160614218E-03   2.2584928097E-03   5.8695200432E-03
    3      1.5317282413E-02  -4.9723670754E-03   3.5767707384E-04   5.2298832304E-04  -9.4082276641E-05
    4     -3.8357990000E-02   1.0546835286E-02   7.5148527765E-04  -7.1648497576E-04   6.0369178156E-05
    5      7.8433249350E-03  -8.6889877902E-03  -1.5309671210E-04   2.3665895103E-05  -5.7404296608E-04
    6      2.4002360694E-02  -7.1125479947E-03   9.2492439135E-04  -3.4889802585E-04   2.3490150664E-04
    7     -1.1682838272E-02   4.3785731152E-03   2.0525014563E-04   5.4025367384E-04  -1.0598580057E-03
    8      4.9542976597E-03   2.0081802897E-03   3.3845196205E-05  -1.0523537614E-03  -2.7321018527E-03
    9     -4.6912284155E-02   1.4187363098E-02   1.5663123596E-03   6.4286791797E-04  -5.9613555859E-04
   10     -2.1437869799E-02   6.2696709126E-03  -1.6957999014E-04  -4.6907782328E-03   3.0806255659E-03
   11      1.9137305612E-03   7.0336299052E-03  -3.5776035266E-05   3.7819515375E-03   6.6338335107E-03
   12      4.7969715244E-02  -1.7246186817E-02  -1.7988411828E-02   1.6299887864E-02  -5.1406031261E-03
   13     -1.6455270051E-01   3.5623787244E-02  -1.2211311300E-02   9.7166232902E-03  -2.9282546565E-03
   14      3.4077030146E-02  -6.4133261563E-02   3.1671137105E-03  -2.1184357836E-03   2.0210327376E-03
   15     -3.5161347386E-03   7.8204362118E-04   9.6138435572E-05   9.4916341331E-05   1.3960377179E-04
   16      6.1918350266E-04  -7.7926855624E-04   2.9986763668E-05   1.8116400720E-04   1.1875064787E-04
   17      1.7925397552E-03  -9.3301185901E-04   1.8487945669E-05   1.2071006928E-04  -3.7476128581E-05
   18     -3.8389257935E-03   1.3869448348E-03   7.6411469496E-04   3.0148624921E-04  -2.5926921022E-05
   19     -1.0834530824E-02   4.9687379525E-03  -2.0803370377E-04   6.3169731105E-04  -1.2323984193E-03
   20      3.7263239609E-03   2.4528341258E-03   1.5164494710E-04  -1.3209482170E-03  -3.3027964112E-03
   21     -1.9442116935E-03   4.1860083047E-04  -5.0772738773E-05  -1.4739628491E-03   9.9860477678E-05
   22      2.1851576967E-03   1.7626055641E-03   1.6366127906E-04  -3.9511310647E-04   2.3854927338E-04
   23      1.3743967904E-03   4.5940432998E-03  -1.0484895602E-04   1.4879257049E-04   1.0404064311E-05
   24      4.1907309450E-02   9.8541225938E-04  -2.7321233454E-01  -1.0033812104E-01   2.3806758180E-02
   25      5.9513979193E-01  -1.3895675842E-01  -1.0039460654E-01  -9.8708048766E-02   1.7242238565E-02
   26     -1.3895675842E-01   1.5546315931E-01   2.3576990686E-02   1.6983874204E-02  -3.7109683311E-02
   27     -1.0039460654E-01   2.3576990686E-02   2.8960817219E-01   1.0788544944E-01  -2.5280119795E-02
   28     -9.8708048766E-02   1.6983874204E-02   1.0788544944E-01   1.0190141980E-01  -2.0453938956E-02
   29      1.7242238565E-02  -3.7109683311E-02  -2.5280119795E-02  -2.0453938956E-02   2.8613482990E-02
   30     -3.5573348052E-03   7.8083873624E-04  -9.5724643656E-04   8.7530657595E-04  -2.9999928215E-04
   31      1.1400853892E-04   1.8130060300E-03  -6.6550350867E-04   3.5948570070E-04  -2.4559968002E-05
   32      1.6544639382E-03   6.0544633567E-03   1.7121212391E-04   1.4019210553E-05   3.3762583640E-04
   33      4.0392515274E-03  -3.2132693818E-03   1.0316446290E-03  -2.7278846830E-02   8.2652580887E-03
   34     -3.0553569270E-01   7.2623892147E-02   9.4781277271E-04  -7.9352027005E-03   3.1413689351E-03
   35      7.8416155913E-02  -7.5939010826E-02  -2.8524774542E-04   1.9821541793E-03   1.3924921919E-03
   36      3.4345126741E-04  -8.0679787355E-05  -1.2761595342E-05  -7.3066358769E-05   5.3055696626E-05
   37     -5.7083996049E-04   8.0956257696E-06  -7.2141222240E-05   2.0721136398E-05  -3.4775932099E-04
   38      3.1716012321E-04  -6.2067073936E-04   5.7228023004E-05  -3.6683837858E-04  -1.1222907044E-03
                   30                 31                 32                 33                 34        
    0     -2.3183661129E-01   1.1956910034E-01  -4.0739082672E-02  -1.4256240818E-02  -2.3263506423E-02
    1      1.1961552225E-01  -1.3368332076E-01   3.3279497029E-02  -1.9930232295E-02  -3.2318592088E-02
    2     -4.0560417297E-02   3.2984868639E-02  -4.3544062746E-02   6.2016748871E-03   7.6080249519E-03
    3      5.5428641141E-03   2.4874724122E-02  -7.4532394003E-03  -4.7598406078E-02  -2.5706682498E-03
    4     -3.3982475076E-03  -1.1734641907E-02   4.1889211635E-03   1.8029748428E-02   4.3147380796E-02
    5      1.0250947391E-03   4.4583760045E-03   6.8241067117E-04  -8.4791533590E-03  -1.0231179679E-02
    6      9.5816893499E-04   3.8344850917E-04  -3.9537395404E-05  -4.0114163244E-03   2.6634768387E-03
    7     -1.7162941756E-04   5.1042975710E-04  -1.0518743401E-03   3.4243292431E-03   6.4785351788E-04
    8      1.6415222152E-04  -1.0258839041E-03  -2.7359798008E-03  -1.2701209091E-03   1.8766397505E-03
    9      1.2257364604E-03  -1.9484507653E-03   5.5898693387E-04  -2.6165881088E-01  -4.9188807385E-02
   10     -1.0706528687E-03  -4.4156234080E-03   2.9427642613E-03  -8.2071679436E-02  -1.3053874144E-01
   11      1.1215564184E-04   3.6445656511E-03   6.7071926676E-03   2.6750254595E-02   3.1523375226E-02
   12     -1.7859243970E-02  -1.1671157224E-02   2.7653468822E-03   2.8815997258E-02   5.9547248641E-02
   13      1.6852952231E-02   9.6329891787E-03  -2.1263840023E-03   2.3064660716E-02  -3.2989967172E-02
   14     -5.5291336492E-03  -2.8038024149E-03   1.9847555361E-03  -6.3489223041E-03   1.2935014912E-02
   15      8.9329539125E-05  -9.2017676992E-05  -1.0705048988E-04  -1.4660021449E-03  -5.6790202654E-05
   16     -2.6485978675E-05   2.0033640266E-04   1.3629937057E-04  -3.6866776219E-03  -4.4032006374E-03
   17      1.3551525938E-05   1.1098170050E-04  -5.1065817772E-05  -5.3129950965E-03  -5.5202751455E-03
   18      2.1320473364E-05   1.0852649130E-04   4.2720672452E-06  -2.3299549159E-01   1.2135405071E-01
   19      1.0585947763E-04  -7.6031334324E-06  -3.3396392772E-04   1.2188585972E-01  -1.3530742048E-01
   20     -3.2880629296E-06  -3.5206076534E-04  -1.1245029297E-03  -3.9233418722E-02   3.3608661395E-02
   21      1.3732422041E-04   1.3680107887E-03  -5.8054436755E-05   1.6319074127E-03  -2.5357592306E-02
   22     -2.7192276196E-04  -5.8613539208E-04   2.3072143772E-04  -1.6874077649E-04  -8.7090372125E-03
   23      1.4141504172E-04   2.6908715822E-04   1.1461615212E-05  -1.8436511833E-03   1.0035486511E-03
   24     -3.3450481913E-03  -2.7103903859E-03   6.1361351935E-04  -1.1824262598E-01  -4.7441529782E-02
   25     -3.5573348052E-03   1.1400853892E-04   1.6544639382E-03   4.0392515274E-03  -3.0553569270E-01
   26      7.8083873624E-04   1.8130060300E-03   6.0544633567E-03  -3.2132693818E-03   7.2623892147E-02
   27     -9.5724643656E-04  -6.6550350867E-04   1.7121212391E-04   1.0316446290E-03   9.4781277271E-04
   28      8.7530657595E-04   3.5948570070E-04   1.4019210553E-05  -2.7278846830E-02  -7.9352027005E-03
   29     -2.9999928215E-04  -2.4559968002E-05   3.3762583640E-04   8.2652580887E-03   3.1413689351E-03
   30      2.4516360772E-01  -1.2837212532E-01   4.3886797668E-02   1.0084777415E-04  -8.8680724110E-04
   31     -1.2837212532E-01   1.3947256551E-01  -3.7668050930E-02  -6.5362264815E-04  -4.9247972873E-04
   32      4.3886797668E-02  -3.7668050930E-02   3.5517886406E-02   1.7293598102E-04  -4.2237134411E-05
   33      1.0084777415E-04  -6.5362264815E-04   1.7293598102E-04   6.5085530921E-01  -3.9662815093E-02
   34     -8.8680724110E-04  -4.9247972873E-04  -4.2237134411E-05  -3.9662815093E-02   6.1572266445E-01
   35      2.2719942685E-04  -6.4693529896E-05  -5.4164099259E-04   2.5440888618E-02  -1.5025461202E-01
   36      7.5895065130E-04  -1.9214816211E-04   2.2865736416E-04  -2.2067124740E-03   3.9114077635E-03
   37      3.0717079124E-04   6.2998924201E-04  -1.2277328474E-03   3.0132850328E-03  -1.2875646093E-03
   38      3.6775143701E-05  -1.3382768984E-03  -3.2985438031E-03  -1.1564966175E-03   1.7090566032E-03
                   35                 36                 37                 38        
     0      5.4291885181E-03   1.5633462762E-03  -2.6957149585E-02   7.8445960781E-03
     1      5.3119611371E-03   1.4918340642E-03  -7.1659758915E-03   2.7865202399E-03
     2     -7.6463925949E-03  -6.8274289727E-04   2.5843510143E-03   3.0892555125E-03
     3      1.0577387063E-03  -2.7488206650E-01  -1.0258876642E-01   2.2314221879E-02
     4     -1.0009410870E-02  -1.0212134546E-01  -9.9667088438E-02   1.7626479209E-02
     5      1.1189424436E-02   2.3882979054E-02   1.6766382917E-02  -3.8011619970E-02
     6     -9.3286801912E-04  -5.2413706562E-05  -1.3761398881E-03   4.4571688855E-04
     7      1.8829762021E-03   1.9649283086E-04  -5.2808169429E-04   5.7001672717E-05
     8      6.2074755583E-03  -1.6759121195E-05  -2.1153257555E-05  -3.4994391220E-04
     9      3.9865823172E-03  -1.7862700161E-02   1.6729625662E-02  -4.4746762646E-03
    10      2.5394962182E-02  -1.1646430167E-02   9.7835191176E-03  -2.5678310103E-03
    11     -6.2955594417E-02   3.0145825685E-03  -2.1085200106E-03   2.2038451732E-03
    12     -1.2943854234E-02   1.3110482175E-03   7.5237357174E-04   4.1313046598E-05
    13      1.0957713718E-02  -1.6960706033E-04  -4.5066333101E-03   3.6239903123E-03
    14      9.5722825529E-04  -2.0307380945E-04   3.5388767229E-03   6.4696869410E-03
    15     -7.6376765364E-04   2.1088172359E-04   2.1983654494E-05   5.0795034550E-05
    16     -2.1698269240E-03  -2.2234082763E-04   7.0311471430E-05   1.3530505808E-04
    17     -2.0071588251E-03  -3.1784792304E-04   1.8804358631E-04   2.7782996773E-04
    18     -4.0933500343E-02  -9.2608682151E-04   8.9229556527E-04  -3.1003072125E-04
    19      3.3051529367E-02  -6.8419216663E-04   4.5017481746E-04   8.5730383700E-05
    20     -4.4322402135E-02   1.6135813431E-04   1.2620092322E-04   7.5014558485E-04
    21      1.0926941656E-02   8.3361474159E-04  -3.3573688334E-04   2.2495858924E-04
    22      3.5581338357E-03   7.4558284046E-05   3.1711873924E-04  -1.5117447285E-03
    23      2.2326743408E-03  -6.2139485988E-05  -9.1308895577E-04  -2.2489119649E-03
    24      1.0003283540E-02   3.8976585337E-04   5.1844405031E-04  -2.8272090176E-04
    25      7.8416155913E-02   3.4345126741E-04  -5.7083996049E-04   3.1716012321E-04
    26     -7.5939010826E-02  -8.0679787355E-05   8.0956257696E-06  -6.2067073936E-04
    27     -2.8524774542E-04  -1.2761595342E-05  -7.2141222240E-05   5.7228023004E-05
    28      1.9821541793E-03  -7.3066358769E-05   2.0721136398E-05  -3.6683837858E-04
    29      1.3924921919E-03   5.3055696626E-05  -3.4775932099E-04  -1.1222907044E-03
    30      2.2719942685E-04   7.5895065130E-04   3.0717079124E-04   3.6775143701E-05
    31     -6.4693529896E-05  -1.9214816211E-04   6.2998924201E-04  -1.3382768984E-03
    32     -5.4164099259E-04   2.2865736416E-04  -1.2277328474E-03  -3.2985438031E-03
    33      2.5440888618E-02  -2.2067124740E-03   3.0132850328E-03  -1.1564966175E-03
    34     -1.5025461202E-01   3.9114077635E-03  -1.2875646093E-03   1.7090566032E-03
    35      1.6673317302E-01  -1.1855693842E-03   1.9616782152E-03   4.6997319917E-03
    36     -1.1855693842E-03   2.9087513380E-01   1.0909307083E-01  -2.4791750293E-02
    37      1.9616782152E-03   1.0909307083E-01   1.0245434938E-01  -2.0555963599E-02
    38      4.6997319917E-03  -2.4791750293E-02  -2.0555963599E-02   2.8161485923E-02

$vibrational_frequencies
39
    0        0.0000000000000000
    1        0.0000000000000000
    2        0.0000000000000000
    3        0.0000000000000000
    4        0.0000000000000000
    5        0.0000000000000000
    6       46.0110765020509831
    7       60.0062270703207545
    8      123.6234025358054964
    9      379.2804009541042092
   10      388.3387152264710949
   11      586.5494643147511624
   12      592.2778322129738626
   13      649.2000510109116931
   14      690.3820312192026449
   15      813.4969873203307316
   16      846.5552061877506276
   17      925.4612526151836391
   18      928.0595286949759384
   19      949.1590764313027648
   20      973.6316828893241109
   21      989.3025420991475585
   22     1015.9727488849914607
   23     1032.8381267548811593
   24     1147.8750059827293626
   25     1155.3443876908672792
   26     1165.9015319414902478
   27     1334.4148015445196052
   28     1336.0124203036466497
   29     1449.8711066945697894
   30     1460.7618047988739818
   31     1537.6796280067662792
   32     1573.3204298724328964
   33     3098.4208092764697540
   34     3110.1241201604366324
   35     3114.5419977993428802
   36     3124.7338203374524710
   37     3127.6610880714792984
   38     3137.5245795464925322

$normal_modes
39 39
                    0                  1                  2                  3                  4        
    0      0.0000000000E+00   0.0000000000E+00   0.0000000000E+00   0.0000000000E+00   0.0000000000E+00
    1      0.0000000000E+00   0.0000000000E+00   0.0000000000E+00   0.0000000000E+00   0.0000000000E+00
    2      0.0000000000E+00   0.0000000000E+00   0.0000000000E+00   0.0000000000E+00   0.0000000000E+00
    3      0.0000000000E+00   0.0000000000E+00   0.0000000000E+00   0.0000000000E+00   0.0000000000E+00
    4      0.0000000000E+00   0.0000000000E+00   0.0000000000E+00   0.0000000000E+00   0.0000000000E+00
    5      0.0000000000E+00   0.0000000000E+00   0.0000000000E+00   0.0000000000E+00   0.0000000000E+00
    6      0.0000000000E+00   0.0000000000E+00   0.0000000000E+00   0.0000000000E+00   0.0000000000E+00
    7      0.0000000000E+00   0.0000000000E+00   0.0000000000E+00   0.0000000000E+00   0.0000000000E+00
    8      0.0000000000E+00   0.0000000000E+00   0.0000000000E+00   0.0000000000E+00   0.0000000000E+00
    9      0.0000000000E+00   0.0000000000E+00   0.0000000000E+00   0.0000000000E+00   0.0000000000E+00
   10      0.0000000000E+00   0.0000000000E+00   0.0000000000E+00   0.0000000000E+00   0.0000000000E+00
   11      0.0000000000E+00   0.0000000000E+00   0.0000000000E+00   0.0000000000E+00   0.0000000000E+00
   12      0.0000000000E+00   0.0000000000E+00   0.0000000000E+00   0.0000000000E+00   0.0000000000E+00
   13      0.0000000000E+00   0.0000000000E+00   0.0000000000E+00   0.0000000000E+00   0.0000000000E+00
   14      0.0000000000E+00   0.0000000000E+00   0.0000000000E+00   0.0000000000E+00   0.0000000000E+00
   15      0.0000000000E+00   0.0000000000E+00   0.0000000000E+00   0.0000000000E+00   0.0000000000E+00
   16      0.0000000000E+00   0.0000000000E+00   0.0000000000E+00   0.0000000000E+00   0.0000000000E+00
   17      0.0000000000E+00   0.0000000000E+00   0.0000000000E+00   0.0000000000E+00   0.0000000000E+00
   18      0.0000000000E+00   0.0000000000E+00   0.0000000000E+00   0.0000000000E+00   0.0000000000E+00
   19      0.0000000000E+00   0.0000000000E+00   0.0000000000E+00   0.0000000000E+00   0.0000000000E+00
   20      0.0000000000E+00   0.0000000000E+00   0.0000000000E+00   0.0000000000E+00   0.0000000000E+00
   21      0.0000000000E+00   0.0000000000E+00   0.0000000000E+00   0.0000000000E+00   0.0000000000E+00
   22      0.0000000000E+00   0.0000000000E+00   0.0000000000E+00   0.0000000000E+00   0.0000000000E+00
   23      0.0000000000E+00   0.0000000000E+00   0.0000000000E+00   0.0000000000E+00   0.0000000000E+00
   24      0.0000000000E+00   0.0000000000E+00   0.0000000000E+00   0.0000000000E+00   0.0000000000E+00
   25      0.0000000000E+00   0.0000000000E+00   0.0000000000E+00   0.0000000000E+00   0.0000000000E+00
   26      0.0000000000E+00   0.0000000000E+00   0.0000000000E+00   0.0000000000E+00   0.0000000000E+00
   27      0.0000000000E+00   0.0000000000E+00   0.0000000000E+00   0.0000000000E+00   0.0000000000E+00
   28      0.0000000000E+00   0.0000000000E+00   0.0000000000E+00   0.0000000000E+00   0.0000000000E+00
   29      0.0000000000E+00   0.0000000000E+00   0.0000000000E+00   0.0000000000E+00   0.0000000000E+00
   30      0.0000000000E+00   0.0000000000E+00   0.0000000000E+00   0.0000000000E+00   0.0000000000E+00
   31      0.0000000000E+00   0.0000000000E+00   0.0000000000E+00   0.0000000000E+00   0.0000000000E+00
   32      0.0000000000E+00   0.0000000000E+00   0.0000000000E+00   0.0000000000E+00   0.0000000000E+00
   33      0.0000000000E+00   0.0000000000E+00   0.0000000000E+00   0.0000000000E+00   0.0000000000E+00
   34      0.0000000000E+00   0.0000000000E+00   0.0000000000E+00   0.0000000000E+00   0.0000000000E+00
   35      0.0000000000E+00   0.0000000000E+00   0.0000000000E+00   0.0000000000E+00   0.0000000000E+00
   36      0.0000000000E+00   0.0000000000E+00   0.0000000000E+00   0.0000000000E+00   0.0000000000E+00
   37      0.0000000000E+00   0.0000000000E+00   0.0000000000E+00   0.0000000000E+00   0.0000000000E+00
   38      0.0000000000E+00   0.0000000000E+00   0.0000000000E+00   0.0000000000E+00   0.0000000000E+00
                    5                  6                  7                  8                  9        
    0      0.0000000000E+00  -2.1288933496E-02  -9.1930400785E-03  -4.3771151716E-03   5.3937020893E-03
    1      0.0000000000E+00   1.3953459712E-01  -2.0274201106E-01  -1.6918373122E-02  -5.7715740685E-02
    2      0.0000000000E+00   1.7816569408E-01  -1.5355618493E-01   9.2463401251E-03  -1.9693096778E-01
    3      0.0000000000E+00  -1.1969061808E-01  -1.8930034536E-02  -9.1431323677E-05  -7.0661787568E-03
    4      0.0000000000E+00   1.4847563265E-01  -1.4170719350E-01  -9.1032450944E-02   5.9266906072E-02
    5      0.0000000000E+00   1.6389653986E-01   4.8489956763E-02  -2.5724728914E-01   2.0095743014E-01
    6      0.0000000000E+00   9.8917914736E-02   2.0017317659E-03  -1.2029514109E-02   2.4634233824E-03
    7      0.0000000000E+00  -2.8648103185E-03  -2.9216945402E-01   9.8777372009E-02  -3.7791135460E-03
    8      0.0000000000E+00   1.2308192856E-02  -4.3925103185E-01   4.0211317086E-01  -1.2467764899E-02
    9      0.0000000000E+00  -1.7454819660E-01  -2.1093220536E-02   8.0446965894E-03  -5.1309323294E-03
   10      0.0000000000E+00   1.5843068880E-02  -1.2469006049E-01  -1.3045951197E-01  -1.6910007893E-03
   11      0.0000000000E+00  -1.0706993985E-02   1.2185790809E-01  -3.6788899760E-01  -7.0795023262E-03
   12      0.0000000000E+00   2.9107436134E-02  -4.5632531250E-03  -5.8627544043E-03   1.4930288515E-03
   13      0.0000000000E+00   1.7972311084E-03  -2.4151933632E-01   2.8604574426E-02  -1.6706779176E-03
   14      0.0000000000E+00   6.0186591987E-03  -2.6961654381E-01   1.6562075446E-01  -5.5898189246E-03
   15      0.0000000000E+00   7.0879816609E-02   1.2677850998E-02  -1.5524528606E-03   7.4808820400E-04
